44
760
260
1
960
100
1
1240
200
1
550
400
1
700
400
1
740
400
1
780
400
1
820
400
1
2500
500
1
2540
500
2
2580
500
3
2620
500
4
2660
500
5
2700
500
6
2740
500
7
2780
500
8
2820
500
9
2860
500
9
3100
300
1
3140
300
1
3180
300
1
3940
400
1
3980
400
1
4020
400
1
4060
400
1
5200
500
1
6100
300
1
6140
300
1
6180
300
1
7100
500
1
7290
550
1
7430
450
1
7580
300
1
9040
500
1
9080
500
2
9120
500
3
9160
500
4
9200
500
5
9240
500
6
9280
500
7
9320
500
8
9360
500
9
9400
500
9
9800
500
1
